108.5 128.8
109.5 128.8
110.5 128.7
111.5 128.7
112.5 128.7
113.5 128.7
114.5 128.7
115.5 128.7
116.5 128.7
117.5 128.7
118.5 128.7
119.5 128.7
120.5 128.7
121.5 128.6
122.5 128.6
123.5 128.6
124.5 128.6
125.5 128.6
126.5 128.6
127.5 128.6
128.5 128.6
129.5 128.6
130.5 128.6
131.5 128.6
132.5 128.6
133.5 128.5
134.5 128.5
135.5 128.5
136.5 128.5
137.5 128.5
138.5 128.5
139.2 128.5
139.5 128.5
140.5 128.5
141.5 128.5
142.5 128.5
143.5 128.5
144.5 128.5
145.5 128.5
146.5 128.4
147.5 128.4
148.5 128.4
149.5 128.4
150.5 128.4
151.5 128.4
152.5 128.4
153.5 128.4
154.5 128.4
155.5 128.4
156.5 128.4
157.5 128.4
158.5 128.4
159.5 128.4
160.5 128.4
161.5 128.3
162.5 128.3
163.5 128.3
164.5 128.3
165.5 128.3
166.5 128.3
167.5 128.3
168.5 128.3
169.5 128.3
170.5 128.3
171.5 128.3
172.5 128.3
173.5 128.3
174.5 128.3
175.5 128.3
176.5 128.3
177.5 128.3
178.5 128.3
179.5 128.2
180.5 128.2
181.5 128.2
182.5 128.2
183.5 128.2
184.5 128.2
185.5 128.2
186.5 128.2
187.5 128.2
188.5 128.2
189.5 128.2
190.5 128.2
191.5 128.2
192.5 128.2
193.5 128.2
194.5 128.2
195.5 128.2
196.5 128.2
197.5 128.2
198.5 128.2
199.5 128.2
200.5 128.2
201.5 128.2
202.5 128.2
203.5 128.1
204.5 128.1
205.5 128.1
206.5 128.1
207.5 128.1
208.5 128.1
209.5 128.1
210.5 128.1
211.5 128.1
212.5 128.1
213.5 128.1
214.5 128.1
215.5 128.1
216.5 128.1
217.5 128.1
218.5 128.1
219.5 128.1
220.5 128.1
221.5 128.1
222.5 128.1
223.5 128.1
224.5 128.1
225.5 128.1
226.5 128.1
227.5 128.1
228.5 128.1
229.5 128.1
230.5 128.1
231.5 128.1
232.5 128.1
233.5 128.1
234.5 128.1
235.5 128.1
236.5 128.1
237.5 128.1
238.5 128.1
239.5 128.1
240.5 128.1
241.5 128.1
242.5 128.1
243.5 128.1
244.5 128.1
245.5 128.1
246.5 128.1
247.5 128.1
248.5 128.1
249.5 128.1
250.5 128.1
251.5 128.1
252.5 128.1
253.5 128.1
254.5 128.1
255.5 128.1
256.5 128.1
257.5 128.1
258.5 128.1
259.5 128.1
260.5 128.1
261.5 128.1
262.5 128.1
263.5 128.1
264.5 128.1
265.5 128.1
266.5 128.1
267.5 128.1
268.5 128.1
269.5 128.1
270.5 128.1
271.5 128.1
272.5 128.1
273.5 128.1
274.5 128.1
275.5 128.1
276.5 128.1
277.5 128.1
278.5 128.1
279.5 128.1
280.5 128.1
281.5 128.1
282.5 128.1
283.5 128.1
284.5 128.1
285.5 128.1
286.5 128.1
287.5 128.1
288.5 128.1
289.5 128.1
290.5 128.1
291.5 128.1
292.5 128.1
293.5 128.1
294.5 128.1
295.5 128.1
296.5 128.1
297.5 128.1
298.5 128.1
299.5 128.1
300.5 128.1
301.5 128.1
302.5 128.1
303.5 128.1
304.5 128.1
305.5 128.1
306.5 128.1
307.5 128.1
308.5 128.1
309.5 128.2
310.5 128.2
311.5 128.2
312.5 128.2
313.5 128.2
314.5 128.2
315.5 128.2
316.5 128.2
317.5 128.2
318.5 128.2
319.5 128.2
320.5 128.2
321.5 128.2
322.5 128.2
323.5 128.2
324.5 128.2
325.5 128.2
326.5 128.2
327.5 128.2
328.5 128.2
329.5 128.2
330.5 128.2
331.5 128.2
332.5 128.2
333.5 128.3
334.5 128.3
335.5 128.3
336.5 128.3
337.5 128.3
338.5 128.3
339.5 128.3
340.5 128.3
341.5 128.3
342.5 128.3
343.5 128.3
344.5 128.3
345.5 128.3
346.5 128.3
347.5 128.3
348.5 128.3
349.5 128.3
350.5 128.3
351.5 128.4
352.5 128.4
353.5 128.4
354.5 128.4
355.5 128.4
356.5 128.4
357.5 128.4
358.5 128.4
359.5 128.4
360.5 128.4
361.5 128.4
362.5 128.4
363.5 128.4
364.5 128.4
365.5 128.4
366.5 128.5
367.5 128.5
368.5 128.5
369.5 128.5
370.5 128.5
371.5 128.5
372.5 128.5
372.8 128.5
373.5 128.5
374.5 128.5
375.5 128.5
376.5 128.5
377.5 128.5
378.5 128.5
379.5 128.6
380.5 128.6
381.5 128.6
382.5 128.6
383.5 128.6
384.5 128.6
385.5 128.6
386.5 128.6
387.5 128.6
388.5 128.6
389.5 128.6
390.5 128.6
391.5 128.7
392.5 128.7
393.5 128.7
394.5 128.7
395.5 128.7
396.5 128.7
397.5 128.7
398.5 128.7
399.5 128.7
400.5 128.7
401.5 128.7
402.5 128.8
403.5 128.8
404.5 128.8
405.5 128.8
406.5 128.8
407.5 128.8
408.5 128.8
409.5 128.8
410.5 128.8
411.5 128.8
412.5 128.8
413.5 128.9
414.5 128.9
415.5 128.9
416.5 128.9
417.5 128.9
418.5 128.9
419.5 128.9
420.5 128.9
421.5 128.9
422.5 129.0
423.5 129.0
424.5 129.0
425.5 129.0
426.5 129.0
427.5 129.0
428.5 129.0
429.5 129.0
430.5 129.0
431.5 129.1
432.5 129.1
433.5 129.1
434.5 129.1
435.5 129.1
436.5 129.1
437.5 129.1
438.5 129.1
439.5 129.1
440.5 129.2
441.5 129.2
442.5 129.2
443.5 129.2
444.5 129.2
445.5 129.2
446.5 129.2
447.5 129.2
448.5 129.3
449.5 129.3
450.5 129.3
451.5 129.3
452.5 129.3
453.5 129.3
454.5 129.3
455.5 129.3
456.5 129.4
457.5 129.4
458.5 129.4
459.5 129.4
460.5 129.4
461.5 129.4
462.5 129.4
463.5 129.4
464.5 129.5
465.5 129.5
466.5 129.5
467.5 129.5
467.5 129.5
468.5 129.5
469.5 129.5
470.5 129.5
471.5 129.6
472.5 129.6
473.5 129.6
474.5 129.6
475.5 129.6
476.5 129.6
477.5 129.6
478.5 129.7
479.5 129.7
480.5 129.7
481.5 129.7
482.5 129.7
483.5 129.7
484.5 129.7
485.5 129.8
486.5 129.8
487.5 129.8
488.5 129.8
489.5 129.8
490.5 129.8
491.5 129.8
492.5 129.9
493.5 129.9
494.5 129.9
495.5 129.9
496.5 129.9
497.5 129.9
498.5 130.0
499.5 130.0
500.5 130.0
501.5 130.0
502.5 130.0
503.5 130.0
504.5 130.0
505.5 130.1
506.5 130.1
507.5 130.1
508.5 130.1
509.5 130.1
510.5 130.1
511.5 130.2
0.5 130.2
1.5 130.1
2.5 130.1
3.5 130.1
4.5 130.1
5.5 130.1
6.5 130.1
7.5 130.0
8.5 130.0
9.5 130.0
10.5 130.0
11.5 130.0
12.5 130.0
13.5 130.0
14.5 129.9
15.5 129.9
16.5 129.9
17.5 129.9
18.5 129.9
19.5 129.9
20.5 129.8
21.5 129.8
22.5 129.8
23.5 129.8
24.5 129.8
25.5 129.8
26.5 129.8
27.5 129.7
28.5 129.7
29.5 129.7
30.5 129.7
31.5 129.7
32.5 129.7
33.5 129.7
34.5 129.6
35.5 129.6
36.5 129.6
37.5 129.6
38.5 129.6
39.5 129.6
40.5 129.6
41.5 129.5
42.5 129.5
43.5 129.5
44.5 129.5
44.5 129.5
45.5 129.5
46.5 129.5
47.5 129.5
48.5 129.4
49.5 129.4
50.5 129.4
51.5 129.4
52.5 129.4
53.5 129.4
54.5 129.4
55.5 129.4
56.5 129.3
57.5 129.3
58.5 129.3
59.5 129.3
60.5 129.3
61.5 129.3
62.5 129.3
63.5 129.3
64.5 129.2
65.5 129.2
66.5 129.2
67.5 129.2
68.5 129.2
69.5 129.2
70.5 129.2
71.5 129.2
72.5 129.1
73.5 129.1
74.5 129.1
75.5 129.1
76.5 129.1
77.5 129.1
78.5 129.1
79.5 129.1
80.5 129.1
81.5 129.0
82.5 129.0
83.5 129.0
84.5 129.0
85.5 129.0
86.5 129.0
87.5 129.0
88.5 129.0
89.5 129.0
90.5 128.9
91.5 128.9
92.5 128.9
93.5 128.9
94.5 128.9
95.5 128.9
96.5 128.9
97.5 128.9
98.5 128.9
99.5 128.8
100.5 128.8
101.5 128.8
102.5 128.8
103.5 128.8
104.5 128.8
105.5 128.8
106.5 128.8
107.5 128.8
